 binIndex : nMCGJ( nMCerr)|nMCEBt |nMCECt |Nobs |nEB| pEB(pEBerr) |nEC| pEC(pECerr) | trigW(trigWsysErr,trigWerr) | SF(SFerr) |ZgR(REr1) |f(fsysErr,+ferrUp-ferrDn) |purity(pErr)| DR(+DRup-DRlow)| Yield(+YstatUp-YstatLow,+YsysUp-YsysLow)
 1 : 59312.236( 0.067)|46489.913 |12822.323 |102434.0 |79431.0| 0.936(0.016) |23003.0| 0.96(0.017) | 1.0(0.02,0.01) | 0.974(0.067) |0.531(0.01) |0.969(0.3,+0.002-0.002) |0.941(0.017)| 1.0(+0.0-0.0)| 51021.982(+0.006-0.006,+0.309-0.309)
 2 : 4076.324( 0.082)|3253.624 |822.7 |5768.0 |4548.0| 0.936(0.016) |1220.0| 0.96(0.017) | 1.0(0.02,0.01) | 0.974(0.067) |0.477(0.047) |0.973(0.3,+0.004-0.004) |0.941(0.017)| 1.0(+0.0-0.0)| 2586.658(+0.029-0.029,+0.312-0.312)
 3 : 238.283( 0.212)|199.293 |38.99 |304.0 |253.0| 0.936(0.016) |51.0| 0.96(0.017) | 1.0(0.02,0.01) | 0.974(0.067) |0.675(0.205) |0.979(0.3,+0.005-0.005) |0.94(0.017)| 1.0(+0.0-0.0)| 194.165(+0.09-0.09,+0.371-0.371)
 4 : 52633.548( 0.067)|42721.502 |9912.045 |88024.0 |71086.0| 0.953(0.011) |16938.0| 0.948(0.017) | 1.0(0.02,0.01) | 0.974(0.067) |0.568(0.009) |0.977(0.3,+0.002-0.002) |0.952(0.012)| 1.0(+0.0-0.0)| 47726.495(+0.006-0.006,+0.309-0.309)
 5 : 10849.98( 0.073)|8876.312 |1973.668 |16787.0 |14039.0| 0.953(0.011) |2748.0| 0.948(0.017) | 1.0(0.02,0.01) | 0.974(0.067) |0.571(0.028) |0.969(0.3,+0.002-0.002) |0.952(0.012)| 1.0(+0.0-0.0)| 9087.475(+0.014-0.014,+0.31-0.31)
 6 : 666.229( 0.141)|598.321 |67.908 |736.0 |636.0| 0.953(0.011) |100.0| 0.948(0.017) | 1.0(0.02,0.01) | 0.974(0.067) |0.506(0.122) |0.978(0.3,+0.003-0.003) |0.952(0.012)| 1.0(+0.0-0.0)| 356.346(+0.076-0.076,+0.332-0.332)
 7 : 4844.455( 0.08)|4486.312 |358.143 |7047.0 |6307.0| 0.97(0.007) |740.0| 0.892(0.036) | 1.0(0.02,0.01) | 0.974(0.067) |0.618(0.043) |0.985(0.3,+0.002-0.002) |0.962(0.01)| 1.0(+0.0-0.0)| 4236.386(+0.02-0.02,+0.311-0.311)
 8 : 193.103( 0.244)|154.113 |38.99 |227.0 |206.0| 0.97(0.007) |21.0| 0.892(0.036) | 1.0(0.02,0.01) | 0.974(0.067) |0.603(0.229) |0.984(0.3,+0.004-0.004) |0.963(0.009)| 1.0(+0.0-0.0)| 133.073(+0.113-0.113,+0.384-0.384)
 9 : 791.426( 0.13)|752.436 |38.99 |1104.0 |1061.0| 0.97(0.007) |43.0| 0.892(0.036) | 1.0(0.02,0.01) | 0.974(0.067) |0.756(0.109) |0.989(0.3,+0.002-0.002) |0.967(0.008)| 1.0(+0.0-0.0)| 819.806(+0.041-0.041,+0.327-0.327)
 10 : 36.262( 0.518)|36.262 |0.0 |38.0 |38.0| 0.97(0.007) |0.0| 0.892(0.036) | 1.0(0.02,0.01) | 0.974(0.067) |0.723(0.502) |0.991(0.3,+0.006-0.006) |0.97(0.007)| 1.0(+0.0-0.0)| 27.11(+0.236-0.236,+0.589-0.589)
 11 : 9807.476( 0.07)|7471.693 |2335.783 |18009.0 |13802.0| 0.936(0.016) |4207.0| 0.96(0.017) | 1.0(0.02,0.011) | 0.974(0.067) |0.545(0.022) |0.924(0.3,+0.008-0.008) |0.942(0.017)| 1.0(+0.0-0.0)| 8778.966(+0.015-0.015,+0.31-0.31)
 12 : 3461.133( 0.084)|2554.575 |906.559 |4923.0 |3738.0| 0.936(0.016) |1185.0| 0.96(0.017) | 1.0(0.02,0.011) | 0.974(0.067) |0.438(0.05) |0.901(0.3,+0.01-0.01) |0.942(0.017)| 1.0(+0.0-0.0)| 1880.325(+0.037-0.037,+0.313-0.313)
 13 : 279.293( 0.206)|172.238 |107.055 |344.0 |275.0| 0.936(0.016) |69.0| 0.96(0.017) | 1.0(0.02,0.01) | 0.974(0.067) |0.474(0.19) |0.945(0.3,+0.008-0.008) |0.941(0.017)| 1.0(+0.0-0.0)| 148.96(+0.125-0.125,+0.363-0.363)
 14 : 8128.752( 0.071)|6468.097 |1660.655 |14110.0 |11200.0| 0.953(0.011) |2910.0| 0.948(0.017) | 1.0(0.02,0.011) | 0.974(0.067) |0.556(0.023) |0.949(0.3,+0.006-0.006) |0.952(0.012)| 1.0(+0.0-0.0)| 7277.703(+0.016-0.016,+0.309-0.309)
 15 : 7670.85( 0.075)|6171.34 |1499.51 |11402.0 |9251.0| 0.953(0.011) |2151.0| 0.948(0.017) | 1.0(0.02,0.01) | 0.974(0.067) |0.5(0.034) |0.928(0.3,+0.005-0.005) |0.952(0.012)| 1.0(+0.0-0.0)| 5176.279(+0.021-0.021,+0.31-0.31)
 16 : 644.803( 0.14)|498.602 |146.201 |858.0 |735.0| 0.953(0.011) |123.0| 0.948(0.017) | 1.0(0.02,0.01) | 0.974(0.067) |0.483(0.12) |0.932(0.3,+0.007-0.007) |0.952(0.012)| 1.0(+0.0-0.0)| 377.79(+0.078-0.078,+0.331-0.331)
 17 : 1543.113( 0.103)|1348.162 |194.951 |2041.0 |1818.0| 0.97(0.007) |223.0| 0.892(0.036) | 1.0(0.02,0.01) | 0.974(0.067) |0.521(0.078) |0.966(0.3,+0.004-0.004) |0.961(0.01)| 1.0(+0.0-0.0)| 1015.132(+0.045-0.045,+0.318-0.318)
 18 : 182.674( 0.239)|163.179 |19.495 |251.0 |225.0| 0.97(0.007) |26.0| 0.892(0.036) | 1.0(0.02,0.01) | 0.974(0.067) |0.592(0.225) |0.952(0.3,+0.008-0.008) |0.962(0.01)| 1.0(+0.0-0.0)| 139.752(+0.113-0.113,+0.382-0.382)
 19 : 209.188( 0.224)|199.441 |9.748 |399.0 |381.0| 0.97(0.007) |18.0| 0.892(0.036) | 1.0(0.02,0.009) | 0.974(0.067) |0.868(0.209) |0.969(0.3,+0.005-0.005) |0.966(0.008)| 1.0(+0.0-0.0)| 332.994(+0.06-0.06,+0.373-0.373)
 20 : 36.262( 0.518)|36.262 |0.0 |45.0 |45.0| 0.97(0.007) |0.0| 0.892(0.036) | 1.0(0.02,0.009) | 0.974(0.067) |0.592(0.503) |0.951(0.3,+0.019-0.019) |0.97(0.007)| 1.0(+0.0-0.0)| 25.217(+0.274-0.274,+0.59-0.59)
 21 : 491.074( 0.118)|400.631 |90.443 |1022.0 |748.0| 0.936(0.016) |274.0| 0.96(0.017) | 1.0(0.02,0.011) | 0.974(0.067) |0.614(0.099) |0.907(0.3,+0.038-0.038) |0.942(0.017)| 1.0(+0.0-0.0)| 551.087(+0.058-0.058,+0.326-0.326)
 22 : 616.312( 0.134)|438.135 |178.177 |1148.0 |849.0| 0.936(0.016) |299.0| 0.96(0.017) | 1.0(0.02,0.011) | 0.974(0.067) |0.481(0.115) |0.871(0.3,+0.025-0.025) |0.942(0.017)| 1.0(+0.0-0.0)| 465.201(+0.073-0.073,+0.33-0.33)
 23 : 84.317( 0.349)|45.327 |38.99 |119.0 |98.0| 0.936(0.016) |21.0| 0.96(0.017) | 1.0(0.02,0.011) | 0.974(0.067) |0.561(0.355) |0.888(0.3,+0.033-0.033) |0.94(0.017)| 1.0(+0.0-0.0)| 57.274(+0.19-0.19,+0.472-0.472)
 24 : 384.147( 0.124)|290.349 |93.798 |763.0 |605.0| 0.953(0.011) |158.0| 0.948(0.017) | 1.0(0.02,0.011) | 0.974(0.067) |0.572(0.105) |0.973(0.3,+0.016-0.016) |0.952(0.012)| 1.0(+0.0-0.0)| 414.972(+0.067-0.067,+0.326-0.326)
 25 : 1303.876( 0.106)|996.713 |307.163 |2091.0 |1672.0| 0.953(0.011) |419.0| 0.948(0.017) | 1.0(0.02,0.011) | 0.974(0.067) |0.455(0.081) |0.893(0.3,+0.014-0.014) |0.952(0.012)| 1.0(+0.0-0.0)| 829.769(+0.055-0.055,+0.319-0.319)
 26 : 175.655( 0.245)|126.917 |48.738 |341.0 |275.0| 0.953(0.011) |66.0| 0.948(0.017) | 1.0(0.02,0.01) | 0.974(0.067) |0.559(0.231) |0.888(0.3,+0.016-0.016) |0.952(0.012)| 1.0(+0.0-0.0)| 165.603(+0.112-0.112,+0.385-0.385)
 27 : 156.159( 0.273)|126.917 |29.243 |278.0 |237.0| 0.97(0.007) |41.0| 0.892(0.036) | 1.0(0.02,0.01) | 0.974(0.067) |0.494(0.259) |0.929(0.3,+0.022-0.022) |0.958(0.011)| 1.0(+0.0-0.0)| 125.514(+0.133-0.133,+0.403-0.403)
 28 : 36.262( 0.518)|36.262 |0.0 |96.0 |85.0| 0.97(0.007) |11.0| 0.892(0.036) | 1.0(0.02,0.01) | 0.974(0.067) |0.872(0.502) |0.872(0.3,+0.03-0.03) |0.961(0.01)| 1.0(+0.0-0.0)| 71.996(+0.136-0.136,+0.59-0.59)
 29 : 27.196( 0.597)|27.196 |0.0 |56.0 |54.0| 0.97(0.007) |2.0| 0.892(0.036) | 1.0(0.02,0.009) | 0.974(0.067) |0.727(0.579) |0.943(0.3,+0.019-0.019) |0.967(0.008)| 1.0(+0.0-0.0)| 38.12(+0.196-0.196,+0.657-0.657)
 30 : 9.065( 1.78)|9.065 |0.0 |17.0 |17.0| 0.97(0.007) |0.0| 0.892(0.036) | 1.0(0.02,0.009) | 0.974(0.067) |0.635(1.735) |0.852(0.3,+0.13-0.13) |0.97(0.007)| 1.0(+0.0-0.0)| 9.158(+0.486-0.486,+1.767-1.767)
 31 : 59.801( 0.385)|30.559 |29.242 |95.0 |74.0| 0.936(0.016) |21.0| 0.96(0.017) | 1.0(0.02,0.011) | 0.974(0.067) |0.614(0.126) |0.922(0.3,+0.047-0.047) |0.941(0.017)| 1.0(+0.0-0.0)| 51.985(+0.187-0.187,+0.337-0.337)
 32 : 9.065( 1.029)|9.065 |0.0 |29.0 |23.0| 0.936(0.016) |6.0| 0.96(0.017) | 1.0(0.02,0.011) | 0.974(0.067) |0.481(0.099) |0.762(0.3,+0.126-0.126) |0.941(0.017)| 1.0(+0.0-0.0)| 10.271(+0.524-0.524,+0.348-0.348)
 33 : 142.805( 0.251)|100.474 |42.331 |184.0 |139.0| 0.953(0.011) |45.0| 0.948(0.017) | 1.0(0.02,0.01) | 0.974(0.067) |0.561(0.349) |0.948(0.3,+0.025-0.025) |0.952(0.012)| 1.0(+0.0-0.0)| 95.682(+0.142-0.142,+0.466-0.466)
 34 : 27.196( 0.597)|27.196 |0.0 |63.0 |50.0| 0.953(0.011) |13.0| 0.948(0.017) | 1.0(0.02,0.011) | 0.974(0.067) |0.572(0.132) |0.862(0.3,+0.036-0.036) |0.952(0.012)| 1.0(+0.0-0.0)| 30.365(+0.261-0.261,+0.337-0.337)
 35 : 0.0( 1.671)|0.0 |0.0 |22.0 |21.0| 0.97(0.007) |1.0| 0.892(0.036) | 1.0(0.02,0.011) | 0.974(0.067) |0.455(0.066) |0.81(0.3,+0.176-0.176) |0.966(0.008)| 1.0(+0.0-0.0)| 8.042(+0.583-0.583,+0.361-0.361)
 36 : 0.0( 1.671)|0.0 |0.0 |28.0 |26.0| 0.97(0.007) |2.0| 0.892(0.036) | 1.0(0.02,0.011) | 0.974(0.067) |0.559(0.261) |0.772(0.3,+0.077-0.077) |0.964(0.009)| 1.0(+0.0-0.0)| 11.973(+0.442-0.442,+0.411-0.411)
 37 : 0.0( 1.671)|0.0 |0.0 |5.0 |5.0| 0.97(0.007) |0.0| 0.892(0.036) | 1.0(0.02,0.01) | 0.974(0.067) |0.494(0.147) |0.838(0.3,+0.124-0.124) |0.97(0.007)| 1.0(+0.0-0.0)| 2.06(+1.355-1.355,+0.363-0.363)
 38 : 0.0( 1.671)|0.0 |0.0 |6.0 |5.0| 0.97(0.007) |1.0| 0.892(0.036) | 1.0(0.02,0.01) | 0.974(0.067) |0.872(0.602) |0.898(0.3,+0.114-0.125) |0.957(0.011)| 1.0(+0.0-0.0)| 4.614(+0.531-0.531,+0.686-0.687)
 39 : 9.065( 1.029)|9.065 |0.0 |5.0 |2.0| 0.936(0.016) |3.0| 0.96(0.017) | 1.0(0.02,0.009) | 0.974(0.067) |0.614(0.126) |0.922(0.3,+0.047-0.047) |0.951(0.017)| 1.0(+0.0-0.0)| 2.763(+0.809-0.809,+0.337-0.337)
 40 : 0.0( 1.671)|0.0 |0.0 |1.0 |1.0| 0.936(0.016) |0.0| 0.96(0.017) | 1.0(0.02,0.009) | 0.974(0.067) |0.481(0.099) |0.762(0.3,+0.126-0.126) |0.936(0.016)| 1.0(+0.0-0.0)| 0.352(+5.525-5.525,+0.347-0.347)
 41 : 6.214( 0.729)|6.214 |0.0 |7.0 |5.0| 0.953(0.011) |2.0| 0.948(0.017) | 1.0(0.02,0.011) | 0.974(0.067) |0.561(0.349) |0.948(0.3,+0.025-0.025) |0.952(0.013)| 1.0(+0.0-0.0)| 3.639(+0.727-0.727,+0.466-0.466)
 42 : 9.065( 1.029)|9.065 |0.0 |8.0 |6.0| 0.953(0.011) |2.0| 0.948(0.017) | 1.0(0.02,0.011) | 0.974(0.067) |0.572(0.132) |0.862(0.3,+0.036-0.036) |0.952(0.012)| 1.0(+0.0-0.0)| 3.855(+0.734-0.734,+0.337-0.337)
 43 : 0.0( 1.671)|0.0 |0.0 |0.0 |0.0| 0.97(0.007) |0.0| 0.892(0.036) | 1.0(0.02,0.011) | 0.974(0.067) |0.455(0.066) |0.81(0.3,+0.176-0.176) |1.0(0.0)| 1.0(+0.0-0.0)| 0.0(+1.074-1.074,+0.361-0.361)
 44 : 0.0( 1.671)|0.0 |0.0 |1.0 |0.0| 0.97(0.007) |1.0| 0.892(0.036) | 1.0(0.02,0.011) | 0.974(0.067) |0.559(0.261) |0.772(0.3,+0.077-0.077) |0.892(0.036)| 1.0(+0.0-0.0)| 0.396(+4.921-4.921,+0.413-0.413)
 45 : 0.0( 1.671)|0.0 |0.0 |0.0 |0.0| 0.97(0.007) |0.0| 0.892(0.036) | 1.0(0.02,0.009) | 0.974(0.067) |0.494(0.147) |0.838(0.3,+0.124-0.124) |1.0(0.0)| 1.0(+0.0-0.0)| 0.0(+1.166-1.166,+0.363-0.363)
 46 : 0.0( 1.671)|0.0 |0.0 |0.0 |0.0| 0.97(0.007) |0.0| 0.892(0.036) | 1.0(0.02,0.009) | 0.974(0.067) |0.872(0.602) |0.898(0.3,+0.114-0.125) |1.0(0.0)| 1.0(+0.0-0.0)| 0.0(+2.059-2.059,+0.685-0.687)

binIndex
[1, 2, 3, 4, 5, 6, 7, 8, 9, 10, 11, 12, 13, 14, 15, 16, 17, 18, 19, 20, 21, 22, 23, 24, 25, 26, 27, 28, 29, 30, 31, 32, 33, 34, 35, 36, 37, 38, 39, 40, 41, 42, 43, 44, 45, 46]
------------------------------------------------------
nMCGJ
[59312.23591813749, 4076.3238886705776, 238.28310934880298, 52633.54770751816, 10849.980425039723, 666.2288001906583, 4844.454786443129, 193.10349230657238, 791.4257151802146, 36.26195290143286, 9807.476406990972, 3461.133474910435, 279.2929580468958, 8128.751580122634, 7670.849554265878, 644.8033137240528, 1543.1126681088847, 182.67388429418924, 209.1882890767514, 36.26195290143286, 491.07395737971467, 616.3123438215798, 84.31725758713584, 384.1470444033157, 1303.8757565561668, 175.6545757493684, 156.15947951162704, 36.26195290143286, 27.196464676074648, 9.065488225358216, 59.801019529942636, 9.065488225358216, 142.80500780686472, 27.196464676074648, 0.0, 0.0, 0.0, 0.0, 9.065488225358216, 0.0, 6.213974641525352, 9.065488225358216, 0.0, 0.0, 0.0, 0.0]
------------------------------------------------------
nMCerr
[0.06749809288657087, 0.08210126124922534, 0.2123025151195247, 0.06742995436992354, 0.07277306435198039, 0.14079844106116682, 0.08019886329450898, 0.24371673534373184, 0.12987862942977343, 0.5179183741828846, 0.07039160290748166, 0.08381818407042566, 0.2055330926892762, 0.07070708996796042, 0.07507854243410515, 0.13981337938113833, 0.10333117464064165, 0.239255164725436, 0.22437937789560006, 0.5179183741828846, 0.11794981349574589, 0.13433490515533641, 0.3490690481392235, 0.12384352663746012, 0.10569709198876791, 0.24505465475926452, 0.27349266103280057, 0.5179183741828846, 0.5967961498515566, 1.780394370256887, 0.38528519821843393, 1.0293567223119668, 0.251413986684984, 0.5967961498515566, 1.6713350459533973, 1.6713350459533973, 1.6713350459533973, 1.6713350459533973, 1.0293567223119668, 1.6713350459533973, 0.729395673691886, 1.0293567223119668, 1.6713350459533973, 1.6713350459533973, 1.6713350459533973, 1.6713350459533973]
------------------------------------------------------
nMCEBt
[46489.912677112814, 3253.623870832889, 199.293273391377, 42721.50223271689, 8876.311947956785, 598.32080237201, 4486.312171649388, 154.11329983108968, 752.4355227047319, 36.26195290143286, 7471.693185665143, 2554.5748509133514, 172.23752472110715, 6468.096563415367, 6171.339508708776, 498.60185239470184, 1348.161705731471, 163.17878805644787, 199.44074095788073, 36.26195290143286, 400.6314203909573, 438.13542394283024, 45.32722108830295, 290.34945501562373, 996.712864260829, 126.91683515501502, 126.91683515501502, 36.26195290143286, 27.196464676074648, 9.065488225358216, 30.558913664145425, 9.065488225358216, 100.47406798736478, 27.196464676074648, 0.0, 0.0, 0.0, 0.0, 9.065488225358216, 0.0, 6.213974641525352, 9.065488225358216, 0.0, 0.0, 0.0, 0.0]
------------------------------------------------------
nMCECt
[12822.323241024678, 822.7000178376883, 38.989835957425996, 9912.045474801269, 1973.668477082937, 67.90799781864828, 358.142614793741, 38.99019247548271, 38.99019247548271, 0.0, 2335.7832213258303, 906.5586239970837, 107.05543332578864, 1660.655016707267, 1499.5100455571023, 146.20146132935093, 194.95096237741353, 19.495096237741354, 9.747548118870677, 0.0, 90.44253698875735, 178.17691987874957, 38.99003649883289, 93.79758938769196, 307.1628922953378, 48.73774059435338, 29.24264435661203, 0.0, 0.0, 0.0, 29.24210586579721, 0.0, 42.33093981949996, 0.0, 0.0, 0.0, 0.0, 0.0, 0.0, 0.0, 0.0, 0.0, 0.0, 0.0, 0.0, 0.0]
------------------------------------------------------
Nobs
[102434.0, 5768.0, 304.0, 88024.0, 16787.0, 736.0, 7047.0, 227.0, 1104.0, 38.0, 18009.0, 4923.0, 344.0, 14110.0, 11402.0, 858.0, 2041.0, 251.0, 399.0, 45.0, 1022.0, 1148.0, 119.0, 763.0, 2091.0, 341.0, 278.0, 96.0, 56.0, 17.0, 95.0, 29.0, 184.0, 63.0, 22.0, 28.0, 5.0, 6.0, 5.0, 1.0, 7.0, 8.0, 0.0, 1.0, 0.0, 0.0]
------------------------------------------------------
nEB
[79431.0, 4548.0, 253.0, 71086.0, 14039.0, 636.0, 6307.0, 206.0, 1061.0, 38.0, 13802.0, 3738.0, 275.0, 11200.0, 9251.0, 735.0, 1818.0, 225.0, 381.0, 45.0, 748.0, 849.0, 98.0, 605.0, 1672.0, 275.0, 237.0, 85.0, 54.0, 17.0, 74.0, 23.0, 139.0, 50.0, 21.0, 26.0, 5.0, 5.0, 2.0, 1.0, 5.0, 6.0, 0.0, 0.0, 0.0, 0.0]
------------------------------------------------------
pEB
[0.935941864678, 0.935941864678, 0.935941864678, 0.9528332801676668, 0.9528332801676668, 0.9528332801676668, 0.9698275681449999, 0.9698275681449999, 0.9698275681449999, 0.9698275681449999, 0.935941864678, 0.935941864678, 0.935941864678, 0.9528332801676668, 0.9528332801676668, 0.9528332801676668, 0.9698275681449999, 0.9698275681449999, 0.9698275681449999, 0.9698275681449999, 0.935941864678, 0.935941864678, 0.935941864678, 0.9528332801676668, 0.9528332801676668, 0.9528332801676668, 0.9698275681449999, 0.9698275681449999, 0.9698275681449999, 0.9698275681449999, 0.935941864678, 0.935941864678, 0.9528332801676668, 0.9528332801676668, 0.9698275681449999, 0.9698275681449999, 0.9698275681449999, 0.9698275681449999, 0.935941864678, 0.935941864678, 0.9528332801676668, 0.9528332801676668, 0.9698275681449999, 0.9698275681449999, 0.9698275681449999, 0.9698275681449999]
------------------------------------------------------
pEBerr
[0.016481122146733865, 0.016481122146733865, 0.016481122146733865, 0.01100477066441423, 0.01100477066441423, 0.01100477066441423, 0.006700851348688687, 0.006700851348688687, 0.006700851348688687, 0.006700851348688687, 0.016481122146733865, 0.016481122146733865, 0.016481122146733865, 0.01100477066441423, 0.01100477066441423, 0.01100477066441423, 0.006700851348688687, 0.006700851348688687, 0.006700851348688687, 0.006700851348688687, 0.016481122146733865, 0.016481122146733865, 0.016481122146733865, 0.01100477066441423, 0.01100477066441423, 0.01100477066441423, 0.006700851348688687, 0.006700851348688687, 0.006700851348688687, 0.006700851348688687, 0.016481122146733865, 0.016481122146733865, 0.01100477066441423, 0.01100477066441423, 0.006700851348688687, 0.006700851348688687, 0.006700851348688687, 0.006700851348688687, 0.016481122146733865, 0.016481122146733865, 0.01100477066441423, 0.01100477066441423, 0.006700851348688687, 0.006700851348688687, 0.006700851348688687, 0.006700851348688687]
------------------------------------------------------
nEC
[23003.0, 1220.0, 51.0, 16938.0, 2748.0, 100.0, 740.0, 21.0, 43.0, 0.0, 4207.0, 1185.0, 69.0, 2910.0, 2151.0, 123.0, 223.0, 26.0, 18.0, 0.0, 274.0, 299.0, 21.0, 158.0, 419.0, 66.0, 41.0, 11.0, 2.0, 0.0, 21.0, 6.0, 45.0, 13.0, 1.0, 2.0, 0.0, 1.0, 3.0, 0.0, 2.0, 2.0, 0.0, 1.0, 0.0, 0.0]
------------------------------------------------------
pEC
[0.9603043977869999, 0.9603043977869999, 0.9603043977869999, 0.948359821654, 0.948359821654, 0.948359821654, 0.8919489522903333, 0.8919489522903333, 0.8919489522903333, 0.8919489522903333, 0.9603043977869999, 0.9603043977869999, 0.9603043977869999, 0.948359821654, 0.948359821654, 0.948359821654, 0.8919489522903333, 0.8919489522903333, 0.8919489522903333, 0.8919489522903333, 0.9603043977869999, 0.9603043977869999, 0.9603043977869999, 0.948359821654, 0.948359821654, 0.948359821654, 0.8919489522903333, 0.8919489522903333, 0.8919489522903333, 0.8919489522903333, 0.9603043977869999, 0.9603043977869999, 0.948359821654, 0.948359821654, 0.8919489522903333, 0.8919489522903333, 0.8919489522903333, 0.8919489522903333, 0.9603043977869999, 0.9603043977869999, 0.948359821654, 0.948359821654, 0.8919489522903333, 0.8919489522903333, 0.8919489522903333, 0.8919489522903333]
------------------------------------------------------
pECerr
[0.01667440668490169, 0.01667440668490169, 0.01667440668490169, 0.016930112124528423, 0.016930112124528423, 0.016930112124528423, 0.03604156077892064, 0.03604156077892064, 0.03604156077892064, 0.03604156077892064, 0.01667440668490169, 0.01667440668490169, 0.01667440668490169, 0.016930112124528423, 0.016930112124528423, 0.016930112124528423, 0.03604156077892064, 0.03604156077892064, 0.03604156077892064, 0.03604156077892064, 0.01667440668490169, 0.01667440668490169, 0.01667440668490169, 0.016930112124528423, 0.016930112124528423, 0.016930112124528423, 0.03604156077892064, 0.03604156077892064, 0.03604156077892064, 0.03604156077892064, 0.01667440668490169, 0.01667440668490169, 0.016930112124528423, 0.016930112124528423, 0.03604156077892064, 0.03604156077892064, 0.03604156077892064, 0.03604156077892064, 0.01667440668490169, 0.01667440668490169, 0.016930112124528423, 0.016930112124528423, 0.03604156077892064, 0.03604156077892064, 0.03604156077892064, 0.03604156077892064]
------------------------------------------------------
trigW
[1.0, 1.0, 1.0, 1.0, 1.0, 1.0, 1.0, 1.0, 1.0, 1.0, 1.0, 1.0, 1.0, 1.0, 1.0, 1.0, 1.0, 1.0, 1.0, 1.0, 1.0, 1.0, 1.0, 1.0, 1.0, 1.0, 1.0, 1.0, 1.0, 1.0, 1.0, 1.0, 1.0, 1.0, 1.0, 1.0, 1.0, 1.0, 1.0, 1.0, 1.0, 1.0, 1.0, 1.0, 1.0, 1.0]
------------------------------------------------------
trigWsysErr
[0.02, 0.02, 0.02, 0.02, 0.02, 0.02, 0.02, 0.02, 0.02, 0.02, 0.02, 0.02, 0.02, 0.02, 0.02, 0.02, 0.02, 0.02, 0.02, 0.02, 0.02, 0.02, 0.02, 0.02, 0.02, 0.02, 0.02, 0.02, 0.02, 0.02, 0.02, 0.02, 0.02, 0.02, 0.02, 0.02, 0.02, 0.02, 0.02, 0.02, 0.02, 0.02, 0.02, 0.02, 0.02, 0.02]
------------------------------------------------------
trigWerr
[0.010499228559706536, 0.010499228559706536, 0.010499228559706536, 0.010499228559706536, 0.010499228559706536, 0.010499228559706536, 0.010499228559706536, 0.010499228559706536, 0.010499228559706536, 0.010499228559706536, 0.01086210633334635, 0.010742706969486824, 0.01034250542763158, 0.010568103902344816, 0.010305319291713825, 0.010050750815217393, 0.009768448126862495, 0.009654117621145375, 0.009164148233695652, 0.00880785, 0.01094481397634516, 0.011009776416819014, 0.010642718459302326, 0.010694451878100638, 0.010533583226626909, 0.010119240734265735, 0.009807334688878002, 0.009755425697211157, 0.00922053045112782, 0.00880785, 0.011260377886497065, 0.011190408580139373, 0.010422158823529412, 0.010702141612057669, 0.010640899856527978, 0.010578382258064517, 0.010156978597122302, 0.009856029687500002, 0.009134555357142858, 0.00880785, 0.010829984210526316, 0.010700487931034484, 0.011045071467391305, 0.010695480952380952, 0.009223656818181818, 0.009461260714285715]
------------------------------------------------------
SF
[0.9735319735212031, 0.9735319735212031, 0.9735319735212031, 0.9735319735212031, 0.9735319735212031, 0.9735319735212031, 0.9735319735212031, 0.9735319735212031, 0.9735319735212031, 0.9735319735212031, 0.9735319735212031, 0.9735319735212031, 0.9735319735212031, 0.9735319735212031, 0.9735319735212031, 0.9735319735212031, 0.9735319735212031, 0.9735319735212031, 0.9735319735212031, 0.9735319735212031, 0.9735319735212031, 0.9735319735212031, 0.9735319735212031, 0.9735319735212031, 0.9735319735212031, 0.9735319735212031, 0.9735319735212031, 0.9735319735212031, 0.9735319735212031, 0.9735319735212031, 0.9735319735212031, 0.9735319735212031, 0.9735319735212031, 0.9735319735212031, 0.9735319735212031, 0.9735319735212031, 0.9735319735212031, 0.9735319735212031, 0.9735319735212031, 0.9735319735212031, 0.9735319735212031, 0.9735319735212031, 0.9735319735212031, 0.9735319735212031, 0.9735319735212031, 0.9735319735212031]
------------------------------------------------------
SFerr
[0.06678948893384838, 0.06678948893384838, 0.06678948893384838, 0.06678948893384838, 0.06678948893384838, 0.06678948893384838, 0.06678948893384838, 0.06678948893384838, 0.06678948893384838, 0.06678948893384838, 0.06678948893384838, 0.06678948893384838, 0.06678948893384838, 0.06678948893384838, 0.06678948893384838, 0.06678948893384838, 0.06678948893384838, 0.06678948893384838, 0.06678948893384838, 0.06678948893384838, 0.06678948893384838, 0.06678948893384838, 0.06678948893384838, 0.06678948893384838, 0.06678948893384838, 0.06678948893384838, 0.06678948893384838, 0.06678948893384838, 0.06678948893384838, 0.06678948893384838, 0.06678948893384838, 0.06678948893384838, 0.06678948893384838, 0.06678948893384838, 0.06678948893384838, 0.06678948893384838, 0.06678948893384838, 0.06678948893384838, 0.06678948893384838, 0.06678948893384838, 0.06678948893384838, 0.06678948893384838, 0.06678948893384838, 0.06678948893384838, 0.06678948893384838, 0.06678948893384838]
------------------------------------------------------
ZgR
[0.531331481435928, 0.476708537365204, 0.6754723113532316, 0.5675955128013429, 0.5714513954768359, 0.5063619056780047, 0.6177750683848384, 0.602530119486825, 0.7557483471958085, 0.7226658338914563, 0.5451989606429494, 0.4383826452385033, 0.474332194643855, 0.5557260125846185, 0.5000310206098433, 0.4828918456684147, 0.5213776528743383, 0.591970859431503, 0.8677930333149981, 0.591726875880473, 0.6138570612083387, 0.48063025920962976, 0.5609219051284147, 0.5716878012426087, 0.4547061201905816, 0.5589741053819649, 0.4935643944738253, 0.8716352849251384, 0.7268334646503442, 0.6350870958507236, 0.6138570612083387, 0.48063025920962976, 0.5609219051284147, 0.5716878012426087, 0.4547061201905816, 0.5589741053819649, 0.4935643944738253, 0.8716352849251384, 0.6138570612083387, 0.48063025920962976, 0.5609219051284147, 0.5716878012426087, 0.4547061201905816, 0.5589741053819649, 0.4935643944738253, 0.8716352849251384]
------------------------------------------------------
REr1
[0.009854129737705808, 0.04676980483808308, 0.20507350621898301, 0.009265515849265797, 0.028394243896678946, 0.12220201473747636, 0.0434693395479688, 0.22917523409398252, 0.10875613517869502, 0.5022139027379319, 0.022492086599814373, 0.050309559428091954, 0.19026202381778679, 0.023182704367460578, 0.03398417642975529, 0.1202716463232274, 0.07772623624867711, 0.2247339994006754, 0.20915055229119553, 0.5027035730725382, 0.09861010677452806, 0.11527029855747092, 0.3554556467074033, 0.10487671079017573, 0.0811945067030041, 0.2306429492369896, 0.25905980290520125, 0.5015885812827655, 0.5793583429723567, 1.7349309667730501, 0.12594402701485066, 0.09877024407197132, 0.34876178590201673, 0.13185821243853676, 0.06604892564474484, 0.2612089479222782, 0.1466928851605587, 0.6015164782924834, 0.12594402701485066, 0.09877024407197132, 0.34876178590201673, 0.13185821243853676, 0.06604892564474484, 0.2612089479222782, 0.1466928851605587, 0.6015164782924834]
------------------------------------------------------
f
[0.969432907698, 0.973145158757, 0.979263771362, 0.976889210827, 0.968630268912, 0.977559820541, 0.985131528509, 0.983965826053, 0.989420643321, 0.990962172524, 0.924415581298, 0.900613686123, 0.944646618266, 0.949206308714, 0.928448449434, 0.932263077866, 0.966073435266, 0.95206802902, 0.968901223366, 0.950653869399, 0.907367595812, 0.871073319118, 0.888424582686, 0.972950074516, 0.892513261282, 0.888482999934, 0.929254115212, 0.871710694575, 0.942829884842, 0.851514476336, 0.921928773995, 0.762406001333, 0.948291436198, 0.86223639719, 0.809934607131, 0.772346396222, 0.837954268482, 0.897608048896, 0.921928773995, 0.762406001333, 0.948291436198, 0.86223639719, 0.809934607131, 0.772346396222, 0.837954268482, 0.897608048896]
------------------------------------------------------
fsysErr
[0.3, 0.3, 0.3, 0.3, 0.3, 0.3, 0.3, 0.3, 0.3, 0.3, 0.3, 0.3, 0.3, 0.3, 0.3, 0.3, 0.3, 0.3, 0.3, 0.3, 0.3, 0.3, 0.3, 0.3, 0.3, 0.3, 0.3, 0.3, 0.3, 0.3, 0.3, 0.3, 0.3, 0.3, 0.3, 0.3, 0.3, 0.3, 0.3, 0.3, 0.3, 0.3, 0.3, 0.3, 0.3, 0.3]
------------------------------------------------------
ferrUp
[0.002250200779804311, 0.003972962859578311, 0.0049004880203068635, 0.00167757407817274, 0.002384757431114161, 0.003165890683484979, 0.0020279042173623305, 0.004365766789860662, 0.0015852519632553635, 0.005836579925849714, 0.007787383961985988, 0.009812669869390639, 0.008344398899282767, 0.006063123069459132, 0.004721424548926035, 0.0072158929819024, 0.004291138046921409, 0.007853669233296907, 0.004964086894906463, 0.01885866658054425, 0.038399414046210986, 0.02546383174134997, 0.032584517665053776, 0.01571095890845592, 0.013587914068503917, 0.016126979345428533, 0.02199867618766077, 0.029982614856116467, 0.018523126276620575, 0.13040434315902827, 0.04748179544294971, 0.12551371208357517, 0.02476476642851025, 0.03636481466368751, 0.17565094320631955, 0.07720069804942994, 0.1237737145726204, 0.1140720064062878, 0.04748179544294971, 0.12551371208357517, 0.02476476642851025, 0.03636481466368751, 0.17565094320631955, 0.07720069804942994, 0.1237737145726204, 0.1140720064062878]
------------------------------------------------------
ferrDn
[0.002250200779804311, 0.003972962859578311, 0.0049004880203068635, 0.00167757407817274, 0.002384757431114161, 0.003165890683484979, 0.0020279042173623305, 0.004365766789860662, 0.0015852519632553635, 0.005836579925849714, 0.007787383961985988, 0.009812669869390639, 0.008344398899282767, 0.006063123069459132, 0.004721424548926035, 0.0072158929819024, 0.004291138046921409, 0.007853669233296907, 0.004964086894906463, 0.01885866658054425, 0.038399414046210986, 0.02546383174134997, 0.032584517665053776, 0.01571095890845592, 0.013587914068503917, 0.016126979345428533, 0.02199867618766077, 0.029982614856116467, 0.018523126276620575, 0.13040434315902827, 0.04748179544294971, 0.12551371208357517, 0.02476476642851025, 0.03636481466368751, 0.17565094320631955, 0.07720069804942994, 0.1237737145726204, 0.1254040169854159, 0.04748179544294971, 0.12551371208357517, 0.02476476642851025, 0.03636481466368751, 0.17565094320631955, 0.07720069804942994, 0.1237737145726204, 0.1254040169854159]
------------------------------------------------------
purity
[0.9414128152325651, 0.9410948276448826, 0.9400290001666809, 0.9519724758381147, 0.9521009835098031, 0.9522254733043968, 0.9616495951447936, 0.962622938484436, 0.9667942524912403, 0.9698275681449999, 0.9416330844453142, 0.9418060941588378, 0.9408285355632354, 0.9519106887945434, 0.951989357236348, 0.9521919801709523, 0.9613185376033092, 0.9617604605265884, 0.966314247129, 0.9698275681449999, 0.9424735027130938, 0.9422871585800827, 0.9402411352266471, 0.9519069283391486, 0.95193687695522, 0.9519674494876024, 0.9583418730009665, 0.9609039767449862, 0.9670461890073333, 0.9698275681449999, 0.9413272667336737, 0.9409823887695172, 0.9517392278137808, 0.9519101855537355, 0.9662876310606969, 0.9642648098696666, 0.9698275681449999, 0.9568477988358888, 0.9505593845433999, 0.935941864678, 0.9515551491637619, 0.95171491553925, 1.0, 0.8919489522903333, 1.0, 1.0]
------------------------------------------------------
pErr
[0.016525397932065373, 0.016522838585262607, 0.016514247565119922, 0.012140626374202603, 0.011970926436952663, 0.011806575958143887, 0.009558581422992709, 0.009215908402127035, 0.007755179815109572, 0.006700851348688687, 0.016527169771844135, 0.016528560876309405, 0.016520693982564637, 0.012222235147964108, 0.012118331143930508, 0.011850789112206613, 0.009675290927825164, 0.009519515409439558, 0.0079226280436763, 0.006700851348688687, 0.0165339224661367, 0.01653242624507068, 0.016515959015904236, 0.012227202326643247, 0.012187644342529377, 0.012147264818452979, 0.010728292531832518, 0.009821551712184944, 0.00766735914373791, 0.006700851348688687, 0.016524709558615076, 0.016521933198638046, 0.012448757552222061, 0.012222899875555766, 0.007931917836108226, 0.008639442636645287, 0.006700851348688687, 0.011259294023268996, 0.01659828178665428, 0.016481122146733865, 0.012692040415948656, 0.012480883857189236, 0.0, 0.03604156077892064, 0.0, 0.0]
------------------------------------------------------
DR
[1.0, 1.0, 1.0, 1.0, 1.0, 1.0, 1.0, 1.0, 1.0, 1.0, 1.0, 1.0, 1.0, 1.0, 1.0, 1.0, 1.0, 1.0, 1.0, 1.0, 1.0, 1.0, 1.0, 1.0, 1.0, 1.0, 1.0, 1.0, 1.0, 1.0, 1.0, 1.0, 1.0, 1.0, 1.0, 1.0, 1.0, 1.0, 1.0, 1.0, 1.0, 1.0, 1.0, 1.0, 1.0, 1.0]
------------------------------------------------------
DRup
[0.0, 0.0, 0.0, 0.0, 0.0, 0.0, 0.0, 0.0, 0.0, 0.0, 0.0, 0.0, 0.0, 0.0, 0.0, 0.0, 0.0, 0.0, 0.0, 0.0, 0.0, 0.0, 0.0, 0.0, 0.0, 0.0, 0.0, 0.0, 0.0, 0.0, 0.0, 0.0, 0.0, 0.0, 0.0, 0.0, 0.0, 0.0, 0.0, 0.0, 0.0, 0.0, 0.0, 0.0, 0.0, 0.0]
------------------------------------------------------
DRlow
[0.0, 0.0, 0.0, 0.0, 0.0, 0.0, 0.0, 0.0, 0.0, 0.0, 0.0, 0.0, 0.0, 0.0, 0.0, 0.0, 0.0, 0.0, 0.0, 0.0, 0.0, 0.0, 0.0, 0.0, 0.0, 0.0, 0.0, 0.0, 0.0, 0.0, 0.0, 0.0, 0.0, 0.0, 0.0, 0.0, 0.0, 0.0, 0.0, 0.0, 0.0, 0.0, 0.0, 0.0, 0.0, 0.0]
------------------------------------------------------
Yield
[51021.98197820732, 2586.6577823196144, 194.1654059209498, 47726.49473530562, 9087.474778788166, 356.34589374282785, 4236.385775321568, 133.07320621368163, 819.8059897462464, 27.109562044301214, 8778.965936615416, 1880.325379152586, 148.96034901625583, 7277.70318892456, 5176.278721380911, 377.78955261921413, 1015.1323199506775, 139.7522248566369, 332.99424083414374, 25.217413204743558, 551.0872290232402, 465.2011311506996, 57.274190109741866, 414.9715157672753, 829.7694514656038, 165.60256924475303, 125.51434268263132, 71.99596897229685, 38.12003404923113, 9.158377718910456, 51.985072047930615, 10.271330158703112, 95.68190258109523, 30.364880801024633, 8.041917943302922, 11.973136772829891, 2.0600532656977877, 4.613870852829774, 2.762890444143035, 0.3522865558742417, 3.639368343824499, 3.855066908418918, 0.0, 0.39554290076920856, 0.0, 0.0]
------------------------------------------------------
YstatUp
[0.006272847666475286, 0.02936118983473858, 0.08979764284715691, 0.0062164294772392974, 0.014257498241065605, 0.0761319841448211, 0.019815572974212263, 0.11321978031495218, 0.040529705646523584, 0.23558546660852883, 0.015286266793490705, 0.0373148680324573, 0.12451123479153083, 0.01632184192177067, 0.020628747738528897, 0.07753426961829613, 0.04450397953490548, 0.11336477493655063, 0.05998597544930883, 0.27413405001562624, 0.05801029862904588, 0.07283333255958674, 0.19046471183152064, 0.06656470042960133, 0.05510862490771056, 0.11150905083680925, 0.13284005352832334, 0.13609038271160492, 0.19630923634232217, 0.4857270342181629, 0.18749217728932543, 0.5242908877358539, 0.14176829264817142, 0.2613958534928923, 0.583245911347488, 0.4419478974078834, 1.3547514178174442, 0.5308969021707358, 0.8093219846049128, 5.525359013593932, 0.7269809101774659, 0.7336908001698511, 1.0738961086528438, 4.921108919114323, 1.165669119150811, 2.0585729971113933]
------------------------------------------------------
YstatLow
[0.006272847666475286, 0.02936118983473858, 0.08979764284715691, 0.0062164294772392974, 0.014257498241065605, 0.0761319841448211, 0.019815572974212263, 0.11321978031495218, 0.040529705646523584, 0.23558546660852883, 0.015286266793490705, 0.0373148680324573, 0.12451123479153083, 0.01632184192177067, 0.020628747738528897, 0.07753426961829613, 0.04450397953490548, 0.11336477493655063, 0.05998597544930883, 0.27413405001562624, 0.05801029862904588, 0.07283333255958674, 0.19046471183152064, 0.06656470042960133, 0.05510862490771056, 0.11150905083680925, 0.13284005352832334, 0.13609038271160492, 0.19630923634232217, 0.4857270342181629, 0.18749217728932543, 0.5242908877358539, 0.14176829264817142, 0.2613958534928923, 0.583245911347488, 0.4419478974078834, 1.3547514178174442, 0.5308969021707358, 0.8093219846049128, 5.525359013593932, 0.7269809101774659, 0.7336908001698511, 1.0738961086528438, 4.921108919114323, 1.165669119150811, 2.0585729971113933]
------------------------------------------------------
YsysUp
[0.30878200350027474, 0.3121654575794449, 0.3705711102350264, 0.30855652396261585, 0.3097197004819388, 0.3317436060242415, 0.3113777962338756, 0.38418270450628716, 0.32689695992644513, 0.5892952068443172, 0.3095456441872408, 0.3128526413018326, 0.3626430797360694, 0.30934786717753854, 0.3103080815654705, 0.33108855710731233, 0.3179774384017093, 0.38159102400314254, 0.3725267522775036, 0.5899574960516709, 0.32627053733721323, 0.33044064608159507, 0.4718658154158936, 0.3261451675339429, 0.31921389413641466, 0.38544395235000994, 0.40332126046327405, 0.5895273777421038, 0.6565088256747341, 1.7669108827683622, 0.3367151864816785, 0.34751732098974686, 0.46623224443725936, 0.337392588658239, 0.36090538140966366, 0.41138478365916376, 0.3631082984880649, 0.6855065609883656, 0.33665441884979036, 0.34744682251521325, 0.4662480983787363, 0.337401980831284, 0.3608303533017409, 0.4128732075373876, 0.36302155122386004, 0.6854085260552981]
------------------------------------------------------
YsysLow
[0.30878200350027474, 0.3121654575794449, 0.3705711102350264, 0.30855652396261585, 0.3097197004819388, 0.3317436060242415, 0.3113777962338756, 0.38418270450628716, 0.32689695992644513, 0.5892952068443172, 0.3095456441872408, 0.3128526413018326, 0.3626430797360694, 0.30934786717753854, 0.3103080815654705, 0.33108855710731233, 0.3179774384017093, 0.38159102400314254, 0.3725267522775036, 0.5899574960516709, 0.32627053733721323, 0.33044064608159507, 0.4718658154158936, 0.3261451675339429, 0.31921389413641466, 0.38544395235000994, 0.40332126046327405, 0.5895273777421038, 0.6565088256747341, 1.7669108827683622, 0.3367151864816785, 0.34751732098974686, 0.46623224443725936, 0.337392588658239, 0.36090538140966366, 0.41138478365916376, 0.3631082984880649, 0.6874830834199618, 0.33665441884979036, 0.34744682251521325, 0.4662480983787363, 0.337401980831284, 0.3608303533017409, 0.4128732075373876, 0.36302155122386004, 0.6873853303786883]
------------------------------------------------------