 binIndex : nMCGJ( nMCerr)|nMCEBt |nMCECt |Nobs |nEB| pEB(pEBerr) |nEC| pEC(pECerr) | trigW(trigWsysErr,trigWerr) | SF(SFerr) |ZgR(REr1) |f(fsysErr,+ferrUp-ferrDn) |purity(pErr)| DR(+DRup-DRlow)| Yield(+YstatUp-YstatLow,+YsysUp-YsysLow)
 1 : 46205.333( 0.068)|37090.762 |9114.672 |70279.0 |55479.0| 0.939(0.016) |14800.0| 0.964(0.015) | 1.0(0.02,0.006) | 0.974(0.067) |0.626(0.01) |0.969(0.3,+0.002-0.002) |0.945(0.015)| 1.0(+0.0-0.0)| 41367.391(+0.006-0.006,+0.309-0.309)
 2 : 3209.684( 0.082)|2608.793 |600.892 |3829.0 |3064.0| 0.939(0.016) |765.0| 0.964(0.015) | 1.0(0.02,0.006) | 0.974(0.067) |0.564(0.047) |0.973(0.3,+0.004-0.004) |0.944(0.015)| 1.0(+0.0-0.0)| 2037.354(+0.03-0.03,+0.312-0.312)
 3 : 179.734( 0.22)|149.149 |30.585 |243.0 |204.0| 0.939(0.016) |39.0| 0.964(0.015) | 1.0(0.02,0.005) | 0.974(0.067) |0.754(0.201) |0.979(0.3,+0.005-0.005) |0.943(0.015)| 1.0(+0.0-0.0)| 173.948(+0.09-0.09,+0.368-0.368)
 4 : 42632.498( 0.067)|35308.263 |7324.306 |60534.0 |49270.0| 0.953(0.012) |11264.0| 0.947(0.024) | 1.0(0.02,0.006) | 0.974(0.067) |0.665(0.009) |0.977(0.3,+0.002-0.002) |0.952(0.014)| 1.0(+0.0-0.0)| 38454.542(+0.006-0.006,+0.309-0.309)
 5 : 8939.8( 0.073)|7426.259 |1513.544 |11132.0 |9318.0| 0.953(0.012) |1814.0| 0.947(0.024) | 1.0(0.02,0.006) | 0.974(0.067) |0.672(0.028) |0.969(0.3,+0.002-0.002) |0.952(0.014)| 1.0(+0.0-0.0)| 7087.774(+0.015-0.015,+0.31-0.31)
 6 : 560.578( 0.141)|502.307 |58.271 |533.0 |471.0| 0.953(0.012) |62.0| 0.947(0.024) | 1.0(0.02,0.005) | 0.974(0.067) |0.57(0.119) |0.978(0.3,+0.003-0.003) |0.952(0.013)| 1.0(+0.0-0.0)| 290.513(+0.079-0.079,+0.331-0.331)
 7 : 4432.087( 0.08)|4124.794 |307.292 |4623.0 |4182.0| 0.974(0.006) |441.0| 0.885(0.056) | 1.0(0.02,0.005) | 0.974(0.067) |0.712(0.043) |0.985(0.3,+0.002-0.002) |0.966(0.01)| 1.0(+0.0-0.0)| 3218.131(+0.021-0.021,+0.311-0.311)
 8 : 170.243( 0.251)|144.414 |25.829 |192.0 |186.0| 0.974(0.006) |6.0| 0.885(0.056) | 1.0(0.02,0.005) | 0.974(0.067) |0.741(0.236) |0.984(0.3,+0.004-0.004) |0.971(0.007)| 1.0(+0.0-0.0)| 139.631(+0.099-0.099,+0.388-0.388)
 9 : 785.59( 0.131)|747.267 |38.323 |678.0 |657.0| 0.974(0.006) |21.0| 0.885(0.056) | 1.0(0.02,0.005) | 0.974(0.067) |0.857(0.108) |0.989(0.3,+0.002-0.002) |0.972(0.007)| 1.0(+0.0-0.0)| 573.988(+0.045-0.045,+0.326-0.326)
 10 : 36.983( 0.518)|36.983 |0.0 |43.0 |43.0| 0.974(0.006) |0.0| 0.885(0.056) | 1.0(0.02,0.005) | 0.974(0.067) |0.887(0.503) |0.991(0.3,+0.006-0.006) |0.974(0.006)| 1.0(+0.0-0.0)| 37.833(+0.179-0.179,+0.59-0.59)
 11 : 7481.849( 0.071)|5867.22 |1614.628 |11656.0 |9140.0| 0.939(0.016) |2516.0| 0.964(0.015) | 1.0(0.02,0.006) | 0.974(0.067) |0.651(0.023) |0.924(0.3,+0.008-0.008) |0.945(0.015)| 1.0(+0.0-0.0)| 6810.652(+0.016-0.016,+0.309-0.309)
 12 : 2644.063( 0.085)|2008.24 |635.822 |3364.0 |2642.0| 0.939(0.016) |722.0| 0.964(0.015) | 1.0(0.02,0.006) | 0.974(0.067) |0.524(0.051) |0.901(0.3,+0.01-0.01) |0.945(0.015)| 1.0(+0.0-0.0)| 1540.607(+0.038-0.038,+0.313-0.313)
 13 : 221.415( 0.204)|143.709 |77.706 |260.0 |212.0| 0.939(0.016) |48.0| 0.964(0.015) | 1.0(0.02,0.006) | 0.974(0.067) |0.57(0.188) |0.945(0.3,+0.008-0.008) |0.944(0.015)| 1.0(+0.0-0.0)| 135.74(+0.119-0.119,+0.362-0.362)
 14 : 6498.844( 0.071)|5302.244 |1196.605 |9557.0 |7747.0| 0.953(0.012) |1810.0| 0.947(0.024) | 1.0(0.02,0.006) | 0.974(0.067) |0.659(0.023) |0.949(0.3,+0.006-0.006) |0.952(0.014)| 1.0(+0.0-0.0)| 5845.424(+0.017-0.017,+0.309-0.309)
 15 : 6232.125( 0.075)|5073.193 |1158.93 |7743.0 |6362.0| 0.953(0.012) |1381.0| 0.947(0.024) | 1.0(0.02,0.006) | 0.974(0.067) |0.586(0.034) |0.928(0.3,+0.005-0.005) |0.952(0.014)| 1.0(+0.0-0.0)| 4119.622(+0.021-0.021,+0.31-0.31)
 16 : 528.507( 0.141)|426.041 |102.466 |526.0 |445.0| 0.953(0.012) |81.0| 0.947(0.024) | 1.0(0.02,0.005) | 0.974(0.067) |0.58(0.121) |0.932(0.3,+0.007-0.007) |0.952(0.014)| 1.0(+0.0-0.0)| 278.063(+0.082-0.082,+0.331-0.331)
 17 : 1382.27( 0.104)|1213.524 |168.747 |1336.0 |1191.0| 0.974(0.006) |145.0| 0.885(0.056) | 1.0(0.02,0.005) | 0.974(0.067) |0.605(0.078) |0.966(0.3,+0.004-0.004) |0.965(0.011)| 1.0(+0.0-0.0)| 773.477(+0.047-0.047,+0.318-0.318)
 18 : 162.465( 0.243)|152.777 |9.688 |182.0 |166.0| 0.974(0.006) |16.0| 0.885(0.056) | 1.0(0.02,0.005) | 0.974(0.067) |0.687(0.222) |0.952(0.3,+0.008-0.008) |0.966(0.01)| 1.0(+0.0-0.0)| 118.138(+0.114-0.114,+0.38-0.38)
 19 : 198.832( 0.23)|189.517 |9.315 |261.0 |248.0| 0.974(0.006) |13.0| 0.885(0.056) | 1.0(0.02,0.005) | 0.974(0.067) |1.013(0.21) |0.969(0.3,+0.005-0.005) |0.97(0.008)| 1.0(+0.0-0.0)| 255.264(+0.063-0.063,+0.373-0.373)
 20 : 36.983( 0.518)|36.983 |0.0 |28.0 |27.0| 0.974(0.006) |1.0| 0.885(0.056) | 1.0(0.02,0.005) | 0.974(0.067) |0.681(0.503) |0.951(0.3,+0.019-0.019) |0.971(0.008)| 1.0(+0.0-0.0)| 18.087(+0.293-0.293,+0.59-0.59)
 21 : 373.227( 0.121)|306.745 |66.482 |689.0 |541.0| 0.939(0.016) |148.0| 0.964(0.015) | 1.0(0.02,0.006) | 0.974(0.067) |0.746(0.1) |0.907(0.3,+0.038-0.038) |0.945(0.015)| 1.0(+0.0-0.0)| 452.612(+0.058-0.058,+0.327-0.327)
 22 : 484.533( 0.137)|355.744 |128.79 |754.0 |575.0| 0.939(0.016) |179.0| 0.964(0.015) | 1.0(0.02,0.006) | 0.974(0.067) |0.562(0.116) |0.871(0.3,+0.025-0.025) |0.945(0.015)| 1.0(+0.0-0.0)| 358.468(+0.077-0.077,+0.33-0.33)
 23 : 56.221( 0.377)|29.607 |26.613 |92.0 |76.0| 0.939(0.016) |16.0| 0.964(0.015) | 1.0(0.02,0.006) | 0.974(0.067) |0.713(0.363) |0.888(0.3,+0.033-0.033) |0.944(0.015)| 1.0(+0.0-0.0)| 56.513(+0.17-0.17,+0.477-0.477)
 24 : 301.707( 0.127)|230.091 |71.616 |461.0 |358.0| 0.953(0.012) |103.0| 0.947(0.024) | 1.0(0.02,0.006) | 0.974(0.067) |0.688(0.107) |0.973(0.3,+0.016-0.016) |0.952(0.014)| 1.0(+0.0-0.0)| 301.776(+0.071-0.071,+0.327-0.327)
 25 : 1029.915( 0.107)|811.084 |218.83 |1436.0 |1161.0| 0.953(0.012) |275.0| 0.947(0.024) | 1.0(0.02,0.006) | 0.974(0.067) |0.547(0.082) |0.893(0.3,+0.014-0.014) |0.952(0.014)| 1.0(+0.0-0.0)| 685.524(+0.055-0.055,+0.319-0.319)
 26 : 149.373( 0.245)|109.01 |40.362 |194.0 |161.0| 0.953(0.012) |33.0| 0.947(0.024) | 1.0(0.02,0.006) | 0.974(0.067) |0.615(0.225) |0.888(0.3,+0.016-0.016) |0.952(0.014)| 1.0(+0.0-0.0)| 103.623(+0.134-0.134,+0.382-0.382)
 27 : 129.298( 0.289)|102.625 |26.672 |157.0 |136.0| 0.974(0.006) |21.0| 0.885(0.056) | 1.0(0.02,0.005) | 0.974(0.067) |0.636(0.274) |0.929(0.3,+0.022-0.022) |0.962(0.012)| 1.0(+0.0-0.0)| 91.695(+0.137-0.137,+0.413-0.413)
 28 : 34.003( 0.518)|34.003 |0.0 |73.0 |67.0| 0.974(0.006) |6.0| 0.885(0.056) | 1.0(0.02,0.005) | 0.974(0.067) |0.8(0.449) |0.872(0.3,+0.03-0.03) |0.967(0.01)| 1.0(+0.0-0.0)| 50.545(+0.169-0.169,+0.545-0.545)
 29 : 22.974( 0.601)|22.974 |0.0 |33.0 |32.0| 0.974(0.006) |1.0| 0.885(0.056) | 1.0(0.02,0.005) | 0.974(0.067) |0.996(0.583) |0.943(0.3,+0.019-0.019) |0.972(0.007)| 1.0(+0.0-0.0)| 30.926(+0.186-0.186,+0.66-0.66)
 30 : 9.246( 1.78)|9.246 |0.0 |15.0 |15.0| 0.974(0.006) |0.0| 0.885(0.056) | 1.0(0.02,0.005) | 0.974(0.067) |0.732(1.735) |0.852(0.3,+0.13-0.13) |0.974(0.006)| 1.0(+0.0-0.0)| 9.363(+0.45-0.45,+1.767-1.767)
 31 : 43.888( 0.385)|24.46 |19.428 |62.0 |43.0| 0.939(0.016) |19.0| 0.964(0.015) | 1.0(0.02,0.006) | 0.974(0.067) |0.746(0.133) |0.922(0.3,+0.047-0.047) |0.947(0.015)| 1.0(+0.0-0.0)| 41.483(+0.19-0.19,+0.339-0.339)
 32 : 6.744( 1.029)|6.744 |0.0 |21.0 |13.0| 0.939(0.016) |8.0| 0.964(0.015) | 1.0(0.02,0.006) | 0.974(0.067) |0.562(0.091) |0.762(0.3,+0.126-0.126) |0.949(0.015)| 1.0(+0.0-0.0)| 8.772(+0.522-0.522,+0.345-0.345)
 33 : 90.217( 0.27)|60.241 |29.976 |112.0 |82.0| 0.953(0.012) |30.0| 0.947(0.024) | 1.0(0.02,0.006) | 0.974(0.067) |0.713(0.376) |0.948(0.3,+0.025-0.025) |0.951(0.015)| 1.0(+0.0-0.0)| 74.021(+0.143-0.143,+0.487-0.487)
 34 : 15.821( 0.729)|15.821 |0.0 |40.0 |31.0| 0.953(0.012) |9.0| 0.947(0.024) | 1.0(0.02,0.006) | 0.974(0.067) |0.688(0.135) |0.862(0.3,+0.036-0.036) |0.952(0.014)| 1.0(+0.0-0.0)| 23.205(+0.273-0.273,+0.338-0.338)
 35 : 0.0( 1.671)|0.0 |0.0 |14.0 |12.0| 0.974(0.006) |2.0| 0.885(0.056) | 1.0(0.02,0.006) | 0.974(0.067) |0.547(0.073) |0.81(0.3,+0.176-0.176) |0.961(0.013)| 1.0(+0.0-0.0)| 6.127(+0.611-0.611,+0.362-0.362)
 36 : 0.0( 1.671)|0.0 |0.0 |11.0 |10.0| 0.974(0.006) |1.0| 0.885(0.056) | 1.0(0.02,0.006) | 0.974(0.067) |0.615(0.217) |0.772(0.3,+0.077-0.077) |0.966(0.01)| 1.0(+0.0-0.0)| 5.184(+0.64-0.64,+0.385-0.385)
 37 : 0.0( 1.671)|0.0 |0.0 |5.0 |5.0| 0.974(0.006) |0.0| 0.885(0.056) | 1.0(0.02,0.005) | 0.974(0.067) |0.636(0.218) |0.838(0.3,+0.124-0.124) |0.974(0.006)| 1.0(+0.0-0.0)| 2.666(+1.047-1.047,+0.397-0.397)
 38 : 0.0( 1.671)|0.0 |0.0 |1.0 |1.0| 0.974(0.006) |0.0| 0.885(0.056) | 1.0(0.02,0.005) | 0.974(0.067) |0.8(0.361) |0.898(0.3,+0.114-0.125) |0.974(0.006)| 1.0(+0.0-0.0)| 0.718(+2.71-2.71,+0.488-0.491)
 39 : 1.899( 1.029)|1.899 |0.0 |7.0 |4.0| 0.939(0.016) |3.0| 0.964(0.015) | 1.0(0.02,0.006) | 0.974(0.067) |0.746(0.133) |0.922(0.3,+0.047-0.047) |0.95(0.015)| 1.0(+0.0-0.0)| 4.699(+0.563-0.563,+0.339-0.339)
 40 : 0.0( 1.671)|0.0 |0.0 |4.0 |3.0| 0.939(0.016) |1.0| 0.964(0.015) | 1.0(0.02,0.006) | 0.974(0.067) |0.562(0.091) |0.762(0.3,+0.126-0.126) |0.946(0.015)| 1.0(+0.0-0.0)| 1.665(+1.201-1.201,+0.345-0.345)
 41 : 5.209( 0.73)|5.209 |0.0 |4.0 |4.0| 0.953(0.012) |0.0| 0.947(0.024) | 1.0(0.02,0.006) | 0.974(0.067) |0.713(0.376) |0.948(0.3,+0.025-0.025) |0.953(0.012)| 1.0(+0.0-0.0)| 2.648(+0.984-0.984,+0.487-0.487)
 42 : 7.736( 1.029)|7.736 |0.0 |7.0 |4.0| 0.953(0.012) |3.0| 0.947(0.024) | 1.0(0.02,0.006) | 0.974(0.067) |0.688(0.135) |0.862(0.3,+0.036-0.036) |0.95(0.017)| 1.0(+0.0-0.0)| 4.056(+0.652-0.652,+0.339-0.339)
 43 : 0.0( 1.671)|0.0 |0.0 |0.0 |0.0| 0.974(0.006) |0.0| 0.885(0.056) | 1.0(0.02,0.006) | 0.974(0.067) |0.547(0.073) |0.81(0.3,+0.176-0.176) |1.0(0.0)| 1.0(+0.0-0.0)| 0.0(+1.292-1.292,+0.362-0.362)
 44 : 0.0( 1.671)|0.0 |0.0 |1.0 |0.0| 0.974(0.006) |1.0| 0.885(0.056) | 1.0(0.02,0.006) | 0.974(0.067) |0.615(0.217) |0.772(0.3,+0.077-0.077) |0.885(0.056)| 1.0(+0.0-0.0)| 0.432(+4.511-4.511,+0.389-0.389)
 45 : 0.0( 1.671)|0.0 |0.0 |0.0 |0.0| 0.974(0.006) |0.0| 0.885(0.056) | 1.0(0.02,0.005) | 0.974(0.067) |0.636(0.218) |0.838(0.3,+0.124-0.124) |1.0(0.0)| 1.0(+0.0-0.0)| 0.0(+1.502-1.502,+0.397-0.397)
 46 : 0.0( 1.671)|0.0 |0.0 |1.0 |1.0| 0.974(0.006) |0.0| 0.885(0.056) | 1.0(0.02,0.005) | 0.974(0.067) |0.8(0.361) |0.898(0.3,+0.114-0.125) |0.974(0.006)| 1.0(+0.0-0.0)| 0.718(+2.71-2.71,+0.488-0.491)

binIndex
[1, 2, 3, 4, 5, 6, 7, 8, 9, 10, 11, 12, 13, 14, 15, 16, 17, 18, 19, 20, 21, 22, 23, 24, 25, 26, 27, 28, 29, 30, 31, 32, 33, 34, 35, 36, 37, 38, 39, 40, 41, 42, 43, 44, 45, 46]
------------------------------------------------------
nMCGJ
[46205.33339558784, 3209.6840534566495, 179.7336464569388, 42632.49767277993, 8939.79960419289, 560.5779403101418, 4432.086546287025, 170.24306151273873, 785.590093005291, 36.98307009080379, 7481.849434153868, 2644.0634029130574, 221.4150489070604, 6498.843587472373, 6232.125298886918, 528.5070020007888, 1382.2700618723231, 162.46521902280884, 198.83214049583432, 36.98307009080379, 373.2271370224159, 484.53332214029683, 56.220602458086255, 301.70679241188964, 1029.9145911536853, 149.37262816724026, 129.29760146117957, 34.002816815417475, 22.97355007381128, 9.245767522700948, 43.88751761639075, 6.743512118118033, 90.21721363107912, 15.820726445185207, 0.0, 0.0, 0.0, 0.0, 1.8993238349571049, 0.0, 5.20894141955331, 7.736319741728748, 0.0, 0.0, 0.0, 0.0]
------------------------------------------------------
nMCerr
[0.06752666521493018, 0.08239448967881524, 0.22024346522996788, 0.06744696629505872, 0.07295199734326682, 0.1406727910646202, 0.08039100737723608, 0.25053926333787796, 0.13059542845560426, 0.5179183741828846, 0.07056816550878706, 0.08463972595218414, 0.2037839089312716, 0.07083024238964945, 0.07540268679854176, 0.1411860016938171, 0.10418123538411765, 0.2426570335961504, 0.22987156598905045, 0.5179183741828846, 0.12087405994692825, 0.13655766883954137, 0.3770701095730567, 0.12716616632658345, 0.10748127030154289, 0.24508930227785516, 0.28925256736027777, 0.5180322378691713, 0.6006966545237568, 1.780394370256887, 0.38487665535320714, 1.0293567223119668, 0.26998569182291526, 0.7294727826622178, 1.6713350459533973, 1.6713350459533973, 1.6713350459533973, 1.6713350459533973, 1.0293567223119668, 1.6713350459533973, 0.7298624450454354, 1.0293567223119668, 1.6713350459533973, 1.6713350459533973, 1.6713350459533973, 1.6713350459533973]
------------------------------------------------------
nMCEBt
[37090.76198499227, 2608.792596205385, 149.14869026286968, 35308.26297006766, 7426.258761964689, 502.30708420997433, 4124.793650703584, 144.4139819205782, 747.2673728928337, 36.98307009080379, 5867.2195606966425, 2008.2398311079944, 143.70880405932598, 5302.244445514399, 5073.193478013817, 426.0407118088561, 1213.5235294673794, 152.77742017357238, 189.51673961174987, 36.98307009080379, 306.74537297784974, 355.7438480394424, 29.607469098356297, 230.0905890088656, 811.0843427225253, 109.01021626013178, 102.62549778663201, 34.002816815417475, 22.97355007381128, 9.245767522700948, 24.459998262179745, 6.743512118118033, 60.24140196046587, 15.820726445185207, 0.0, 0.0, 0.0, 0.0, 1.8993238349571049, 0.0, 5.20894141955331, 7.736319741728748, 0.0, 0.0, 0.0, 0.0]
------------------------------------------------------
nMCECt
[9114.672186366271, 600.8916355102929, 30.58494505287985, 7324.306481681017, 1513.5444074087663, 58.27088209627579, 307.29179631943305, 25.829061023511752, 38.322757249754844, 0.0, 1614.6283285456461, 635.8224428312167, 77.70627455757247, 1196.6048462468814, 1158.9296817647607, 102.46626048209465, 168.7465026951058, 9.6878137041555, 9.315406454679083, 0.0, 66.48177889948516, 128.7895483754496, 26.613133359729954, 71.61618112064546, 218.8303969803503, 40.362400765919226, 26.67209996081779, 0.0, 0.0, 0.0, 19.427519354211007, 0.0, 29.975819098072765, 0.0, 0.0, 0.0, 0.0, 0.0, 0.0, 0.0, 0.0, 0.0, 0.0, 0.0, 0.0, 0.0]
------------------------------------------------------
Nobs
[70279.0, 3829.0, 243.0, 60534.0, 11132.0, 533.0, 4623.0, 192.0, 678.0, 43.0, 11656.0, 3364.0, 260.0, 9557.0, 7743.0, 526.0, 1336.0, 182.0, 261.0, 28.0, 689.0, 754.0, 92.0, 461.0, 1436.0, 194.0, 157.0, 73.0, 33.0, 15.0, 62.0, 21.0, 112.0, 40.0, 14.0, 11.0, 5.0, 1.0, 7.0, 4.0, 4.0, 7.0, 0.0, 1.0, 0.0, 1.0]
------------------------------------------------------
nEB
[55479.0, 3064.0, 204.0, 49270.0, 9318.0, 471.0, 4182.0, 186.0, 657.0, 43.0, 9140.0, 2642.0, 212.0, 7747.0, 6362.0, 445.0, 1191.0, 166.0, 248.0, 27.0, 541.0, 575.0, 76.0, 358.0, 1161.0, 161.0, 136.0, 67.0, 32.0, 15.0, 43.0, 13.0, 82.0, 31.0, 12.0, 10.0, 5.0, 1.0, 4.0, 3.0, 4.0, 4.0, 0.0, 0.0, 0.0, 1.0]
------------------------------------------------------
pEB
[0.9394312251323332, 0.9394312251323332, 0.9394312251323332, 0.9529458327956667, 0.9529458327956667, 0.9529458327956667, 0.9742914092513333, 0.9742914092513333, 0.9742914092513333, 0.9742914092513333, 0.9394312251323332, 0.9394312251323332, 0.9394312251323332, 0.9529458327956667, 0.9529458327956667, 0.9529458327956667, 0.9742914092513333, 0.9742914092513333, 0.9742914092513333, 0.9742914092513333, 0.9394312251323332, 0.9394312251323332, 0.9394312251323332, 0.9529458327956667, 0.9529458327956667, 0.9529458327956667, 0.9742914092513333, 0.9742914092513333, 0.9742914092513333, 0.9742914092513333, 0.9394312251323332, 0.9394312251323332, 0.9529458327956667, 0.9529458327956667, 0.9742914092513333, 0.9742914092513333, 0.9742914092513333, 0.9742914092513333, 0.9394312251323332, 0.9394312251323332, 0.9529458327956667, 0.9529458327956667, 0.9742914092513333, 0.9742914092513333, 0.9742914092513333, 0.9742914092513333]
------------------------------------------------------
pEBerr
[0.015525813581807048, 0.015525813581807048, 0.015525813581807048, 0.011582672615593903, 0.011582672615593903, 0.011582672615593903, 0.006018627194751928, 0.006018627194751928, 0.006018627194751928, 0.006018627194751928, 0.015525813581807048, 0.015525813581807048, 0.015525813581807048, 0.011582672615593903, 0.011582672615593903, 0.011582672615593903, 0.006018627194751928, 0.006018627194751928, 0.006018627194751928, 0.006018627194751928, 0.015525813581807048, 0.015525813581807048, 0.015525813581807048, 0.011582672615593903, 0.011582672615593903, 0.011582672615593903, 0.006018627194751928, 0.006018627194751928, 0.006018627194751928, 0.006018627194751928, 0.015525813581807048, 0.015525813581807048, 0.011582672615593903, 0.011582672615593903, 0.006018627194751928, 0.006018627194751928, 0.006018627194751928, 0.006018627194751928, 0.015525813581807048, 0.015525813581807048, 0.011582672615593903, 0.011582672615593903, 0.006018627194751928, 0.006018627194751928, 0.006018627194751928, 0.006018627194751928]
------------------------------------------------------
nEC
[14800.0, 765.0, 39.0, 11264.0, 1814.0, 62.0, 441.0, 6.0, 21.0, 0.0, 2516.0, 722.0, 48.0, 1810.0, 1381.0, 81.0, 145.0, 16.0, 13.0, 1.0, 148.0, 179.0, 16.0, 103.0, 275.0, 33.0, 21.0, 6.0, 1.0, 0.0, 19.0, 8.0, 30.0, 9.0, 2.0, 1.0, 0.0, 0.0, 3.0, 1.0, 0.0, 3.0, 0.0, 1.0, 0.0, 0.0]
------------------------------------------------------
pEC
[0.9644865701173333, 0.9644865701173333, 0.9644865701173333, 0.9468864281673334, 0.9468864281673334, 0.9468864281673334, 0.8846943180493333, 0.8846943180493333, 0.8846943180493333, 0.8846943180493333, 0.9644865701173333, 0.9644865701173333, 0.9644865701173333, 0.9468864281673334, 0.9468864281673334, 0.9468864281673334, 0.8846943180493333, 0.8846943180493333, 0.8846943180493333, 0.8846943180493333, 0.9644865701173333, 0.9644865701173333, 0.9644865701173333, 0.9468864281673334, 0.9468864281673334, 0.9468864281673334, 0.8846943180493333, 0.8846943180493333, 0.8846943180493333, 0.8846943180493333, 0.9644865701173333, 0.9644865701173333, 0.9468864281673334, 0.9468864281673334, 0.8846943180493333, 0.8846943180493333, 0.8846943180493333, 0.8846943180493333, 0.9644865701173333, 0.9644865701173333, 0.9468864281673334, 0.9468864281673334, 0.8846943180493333, 0.8846943180493333, 0.8846943180493333, 0.8846943180493333]
------------------------------------------------------
pECerr
[0.014999650318517965, 0.014999650318517965, 0.014999650318517965, 0.024477622567885625, 0.024477622567885625, 0.024477622567885625, 0.05595521178827425, 0.05595521178827425, 0.05595521178827425, 0.05595521178827425, 0.014999650318517965, 0.014999650318517965, 0.014999650318517965, 0.024477622567885625, 0.024477622567885625, 0.024477622567885625, 0.05595521178827425, 0.05595521178827425, 0.05595521178827425, 0.05595521178827425, 0.014999650318517965, 0.014999650318517965, 0.014999650318517965, 0.024477622567885625, 0.024477622567885625, 0.024477622567885625, 0.05595521178827425, 0.05595521178827425, 0.05595521178827425, 0.05595521178827425, 0.014999650318517965, 0.014999650318517965, 0.024477622567885625, 0.024477622567885625, 0.05595521178827425, 0.05595521178827425, 0.05595521178827425, 0.05595521178827425, 0.014999650318517965, 0.014999650318517965, 0.024477622567885625, 0.024477622567885625, 0.05595521178827425, 0.05595521178827425, 0.05595521178827425, 0.05595521178827425]
------------------------------------------------------
trigW
[1.0, 1.0, 1.0, 1.0, 1.0, 1.0, 1.0, 1.0, 1.0, 1.0, 1.0, 1.0, 1.0, 1.0, 1.0, 1.0, 1.0, 1.0, 1.0, 1.0, 1.0, 1.0, 1.0, 1.0, 1.0, 1.0, 1.0, 1.0, 1.0, 1.0, 1.0, 1.0, 1.0, 1.0, 1.0, 1.0, 1.0, 1.0, 1.0, 1.0, 1.0, 1.0, 1.0, 1.0, 1.0, 1.0]
------------------------------------------------------
trigWsysErr
[0.02, 0.02, 0.02, 0.02, 0.02, 0.02, 0.02, 0.02, 0.02, 0.02, 0.02, 0.02, 0.02, 0.02, 0.02, 0.02, 0.02, 0.02, 0.02, 0.02, 0.02, 0.02, 0.02, 0.02, 0.02, 0.02, 0.02, 0.02, 0.02, 0.02, 0.02, 0.02, 0.02, 0.02, 0.02, 0.02, 0.02, 0.02, 0.02, 0.02, 0.02, 0.02, 0.02, 0.02, 0.02, 0.02]
------------------------------------------------------
trigWerr
[0.005732657355397771, 0.005682338386001567, 0.005499214814814815, 0.005618432522549311, 0.0055106774775422205, 0.0052933791369606, 0.005195845710577547, 0.0048969437499999996, 0.004895655044247787, 0.00475132, 0.005757193315030885, 0.005751465992865636, 0.005611620307692308, 0.0056338697122528, 0.00558244550174351, 0.005468918403041825, 0.005257079131736527, 0.005160986813186813, 0.0049834252873563216, 0.004917747142857143, 0.005752298345428156, 0.005857596976127322, 0.0055617478260869555, 0.005792482429501084, 0.0056437218105849585, 0.005543993608247423, 0.0053746267515923565, 0.005134330410958904, 0.004892530909090908, 0.00475132, 0.005752298345428156, 0.005857596976127322, 0.0055617478260869555, 0.005792482429501084, 0.0056437218105849585, 0.005543993608247423, 0.0053746267515923565, 0.005134330410958904, 0.005752298345428156, 0.005857596976127322, 0.0055617478260869555, 0.005792482429501084, 0.0056437218105849585, 0.005543993608247423, 0.0053746267515923565, 0.005134330410958904]
------------------------------------------------------
SF
[0.9735319735212031, 0.9735319735212031, 0.9735319735212031, 0.9735319735212031, 0.9735319735212031, 0.9735319735212031, 0.9735319735212031, 0.9735319735212031, 0.9735319735212031, 0.9735319735212031, 0.9735319735212031, 0.9735319735212031, 0.9735319735212031, 0.9735319735212031, 0.9735319735212031, 0.9735319735212031, 0.9735319735212031, 0.9735319735212031, 0.9735319735212031, 0.9735319735212031, 0.9735319735212031, 0.9735319735212031, 0.9735319735212031, 0.9735319735212031, 0.9735319735212031, 0.9735319735212031, 0.9735319735212031, 0.9735319735212031, 0.9735319735212031, 0.9735319735212031, 0.9735319735212031, 0.9735319735212031, 0.9735319735212031, 0.9735319735212031, 0.9735319735212031, 0.9735319735212031, 0.9735319735212031, 0.9735319735212031, 0.9735319735212031, 0.9735319735212031, 0.9735319735212031, 0.9735319735212031, 0.9735319735212031, 0.9735319735212031, 0.9735319735212031, 0.9735319735212031]
------------------------------------------------------
SFerr
[0.06678948893384838, 0.06678948893384838, 0.06678948893384838, 0.06678948893384838, 0.06678948893384838, 0.06678948893384838, 0.06678948893384838, 0.06678948893384838, 0.06678948893384838, 0.06678948893384838, 0.06678948893384838, 0.06678948893384838, 0.06678948893384838, 0.06678948893384838, 0.06678948893384838, 0.06678948893384838, 0.06678948893384838, 0.06678948893384838, 0.06678948893384838, 0.06678948893384838, 0.06678948893384838, 0.06678948893384838, 0.06678948893384838, 0.06678948893384838, 0.06678948893384838, 0.06678948893384838, 0.06678948893384838, 0.06678948893384838, 0.06678948893384838, 0.06678948893384838, 0.06678948893384838, 0.06678948893384838, 0.06678948893384838, 0.06678948893384838, 0.06678948893384838, 0.06678948893384838, 0.06678948893384838, 0.06678948893384838, 0.06678948893384838, 0.06678948893384838, 0.06678948893384838, 0.06678948893384838, 0.06678948893384838, 0.06678948893384838, 0.06678948893384838, 0.06678948893384838]
------------------------------------------------------
ZgR
[0.6257020831108093, 0.5636126399040222, 0.754298210144043, 0.6651186347007751, 0.6722191572189331, 0.5700309872627258, 0.7123173475265503, 0.7406489849090576, 0.8574168086051941, 0.8871811628341675, 0.6512745022773743, 0.5239665508270264, 0.5699257254600525, 0.6590815782546997, 0.5860910415649414, 0.5798648595809937, 0.6048509478569031, 0.6868094205856323, 1.0132678747177124, 0.6811895966529846, 0.745980978012085, 0.5620419979095459, 0.7132111191749573, 0.6883242130279541, 0.547097384929657, 0.6148359775543213, 0.6358417868614197, 0.7997207045555115, 0.9959732294082642, 0.7324978709220886, 0.745980978012085, 0.5620419979095459, 0.7132111191749573, 0.6883242130279541, 0.547097384929657, 0.6148359775543213, 0.6358417868614197, 0.7997207045555115, 0.745980978012085, 0.5620419979095459, 0.7132111191749573, 0.6883242130279541, 0.547097384929657, 0.6148359775543213, 0.6358417868614197, 0.7997207045555115]
------------------------------------------------------
REr1
[0.009871211648231721, 0.04674707034101443, 0.20104985177580612, 0.009253436604692222, 0.02843433625984381, 0.11947202506896609, 0.04333362911290879, 0.2361001515350596, 0.10769641726952095, 0.5033842894866019, 0.02258247720786931, 0.05056053876425255, 0.18842460278863907, 0.023254013831884437, 0.03397999066289015, 0.12088421588070546, 0.07763727638417409, 0.222416796231755, 0.21000243823486112, 0.5026579433946365, 0.1003997258571229, 0.11584113971343779, 0.36302162279600897, 0.10693913339012914, 0.08207471068168654, 0.22477254203756544, 0.274232150012293, 0.4490094092382592, 0.5831863825417878, 1.734874951942056, 0.13325745400808187, 0.09128795647490168, 0.37614695659200337, 0.1345442271527514, 0.07303225774363811, 0.21734690683542057, 0.2180364460809852, 0.36053390844793637, 0.13325745400808187, 0.09128795647490168, 0.37614695659200337, 0.1345442271527514, 0.07303225774363811, 0.21734690683542057, 0.2180364460809852, 0.36053390844793637]
------------------------------------------------------
f
[0.969432907698, 0.973145158757, 0.979263771362, 0.976889210827, 0.968630268912, 0.977559820541, 0.985131528509, 0.983965826053, 0.989420643321, 0.990962172524, 0.924415581298, 0.900613686123, 0.944646618266, 0.949206308714, 0.928448449434, 0.932263077866, 0.966073435266, 0.95206802902, 0.968901223366, 0.950653869399, 0.907367595812, 0.871073319118, 0.888424582686, 0.972950074516, 0.892513261282, 0.888482999934, 0.929254115212, 0.871710694575, 0.942829884842, 0.851514476336, 0.921928773995, 0.762406001333, 0.948291436198, 0.86223639719, 0.809934607131, 0.772346396222, 0.837954268482, 0.897608048896, 0.921928773995, 0.762406001333, 0.948291436198, 0.86223639719, 0.809934607131, 0.772346396222, 0.837954268482, 0.897608048896]
------------------------------------------------------
fsysErr
[0.3, 0.3, 0.3, 0.3, 0.3, 0.3, 0.3, 0.3, 0.3, 0.3, 0.3, 0.3, 0.3, 0.3, 0.3, 0.3, 0.3, 0.3, 0.3, 0.3, 0.3, 0.3, 0.3, 0.3, 0.3, 0.3, 0.3, 0.3, 0.3, 0.3, 0.3, 0.3, 0.3, 0.3, 0.3, 0.3, 0.3, 0.3, 0.3, 0.3, 0.3, 0.3, 0.3, 0.3, 0.3, 0.3]
------------------------------------------------------
ferrUp
[0.002250200779804311, 0.003972962859578311, 0.0049004880203068635, 0.00167757407817274, 0.002384757431114161, 0.003165890683484979, 0.0020279042173623305, 0.004365766789860662, 0.0015852519632553635, 0.005836579925849714, 0.007787383961985988, 0.009812669869390639, 0.008344398899282767, 0.006063123069459132, 0.004721424548926035, 0.0072158929819024, 0.004291138046921409, 0.007853669233296907, 0.004964086894906463, 0.01885866658054425, 0.038399414046210986, 0.02546383174134997, 0.032584517665053776, 0.01571095890845592, 0.013587914068503917, 0.016126979345428533, 0.02199867618766077, 0.029982614856116467, 0.018523126276620575, 0.13040434315902827, 0.04748179544294971, 0.12551371208357517, 0.02476476642851025, 0.03636481466368751, 0.17565094320631955, 0.07720069804942994, 0.1237737145726204, 0.1140720064062878, 0.04748179544294971, 0.12551371208357517, 0.02476476642851025, 0.03636481466368751, 0.17565094320631955, 0.07720069804942994, 0.1237737145726204, 0.1140720064062878]
------------------------------------------------------
ferrDn
[0.002250200779804311, 0.003972962859578311, 0.0049004880203068635, 0.00167757407817274, 0.002384757431114161, 0.003165890683484979, 0.0020279042173623305, 0.004365766789860662, 0.0015852519632553635, 0.005836579925849714, 0.007787383961985988, 0.009812669869390639, 0.008344398899282767, 0.006063123069459132, 0.004721424548926035, 0.0072158929819024, 0.004291138046921409, 0.007853669233296907, 0.004964086894906463, 0.01885866658054425, 0.038399414046210986, 0.02546383174134997, 0.032584517665053776, 0.01571095890845592, 0.013587914068503917, 0.016126979345428533, 0.02199867618766077, 0.029982614856116467, 0.018523126276620575, 0.13040434315902827, 0.04748179544294971, 0.12551371208357517, 0.02476476642851025, 0.03636481466368751, 0.17565094320631955, 0.07720069804942994, 0.1237737145726204, 0.1254040169854159, 0.04748179544294971, 0.12551371208357517, 0.02476476642851025, 0.03636481466368751, 0.17565094320631955, 0.07720069804942994, 0.1237737145726204, 0.1254040169854159]
------------------------------------------------------
purity
[0.9447076107635745, 0.9444370592701042, 0.9434524533398024, 0.9518183154709641, 0.9519584307119623, 0.9522409864786748, 0.965744509571454, 0.9714915001512708, 0.9715162781079084, 0.9742914092513333, 0.9448395339846205, 0.9448087397218605, 0.9440568272834101, 0.9517982422989331, 0.9518651098469738, 0.952012730562026, 0.9645671740535113, 0.9664147418929157, 0.9698287188849501, 0.9710915131369762, 0.9448132150565423, 0.9453793773237325, 0.9437886764340725, 0.9515919961867332, 0.9517854314914942, 0.9519151093279605, 0.9623070849504288, 0.9669272647689771, 0.9715763458815757, 0.9742914092513334, 0.9471094760148332, 0.9489761184599523, 0.951322777984506, 0.9515824667542917, 0.9614918247939047, 0.9661462191420607, 0.9742914092513333, 0.9742914092513333, 0.9501692301259047, 0.9456950613785833, 0.9529458327956667, 0.9503489450978095, 1.0, 0.8846943180493333, 1.0, 0.9742914092513333]
------------------------------------------------------
pErr
[0.015412689404174224, 0.015418459204883822, 0.015439484917318736, 0.013969696500156599, 0.013672756195453339, 0.013074213501483758, 0.01038242401786402, 0.007439722124744883, 0.007427110139964413, 0.006018627194751928, 0.015409877198454635, 0.015410533569121176, 0.015426573649542495, 0.014012243884291557, 0.013870517435473547, 0.013557704319676612, 0.010989597165578156, 0.010037433935788535, 0.008287550824283849, 0.007643404647127812, 0.015410438176019612, 0.01539837754169748, 0.015432300127438568, 0.014449510081283845, 0.014039398794151335, 0.013764556037026364, 0.012159329341974324, 0.009773944663261792, 0.007396538301413586, 0.006018627194751928, 0.015361611584015795, 0.01532209430955151, 0.015020569840014746, 0.014469718188488877, 0.012582625157300348, 0.010175593743196676, 0.006018627194751928, 0.006018627194751928, 0.015296917183276236, 0.015391658973768898, 0.011582672615593903, 0.017088944735672334, 0.0, 0.05595521178827425, 0.0, 0.006018627194751928]
------------------------------------------------------
DR
[1.0, 1.0, 1.0, 1.0, 1.0, 1.0, 1.0, 1.0, 1.0, 1.0, 1.0, 1.0, 1.0, 1.0, 1.0, 1.0, 1.0, 1.0, 1.0, 1.0, 1.0, 1.0, 1.0, 1.0, 1.0, 1.0, 1.0, 1.0, 1.0, 1.0, 1.0, 1.0, 1.0, 1.0, 1.0, 1.0, 1.0, 1.0, 1.0, 1.0, 1.0, 1.0, 1.0, 1.0, 1.0, 1.0]
------------------------------------------------------
DRup
[0.0, 0.0, 0.0, 0.0, 0.0, 0.0, 0.0, 0.0, 0.0, 0.0, 0.0, 0.0, 0.0, 0.0, 0.0, 0.0, 0.0, 0.0, 0.0, 0.0, 0.0, 0.0, 0.0, 0.0, 0.0, 0.0, 0.0, 0.0, 0.0, 0.0, 0.0, 0.0, 0.0, 0.0, 0.0, 0.0, 0.0, 0.0, 0.0, 0.0, 0.0, 0.0, 0.0, 0.0, 0.0, 0.0]
------------------------------------------------------
DRlow
[0.0, 0.0, 0.0, 0.0, 0.0, 0.0, 0.0, 0.0, 0.0, 0.0, 0.0, 0.0, 0.0, 0.0, 0.0, 0.0, 0.0, 0.0, 0.0, 0.0, 0.0, 0.0, 0.0, 0.0, 0.0, 0.0, 0.0, 0.0, 0.0, 0.0, 0.0, 0.0, 0.0, 0.0, 0.0, 0.0, 0.0, 0.0, 0.0, 0.0, 0.0, 0.0, 0.0, 0.0, 0.0, 0.0]
------------------------------------------------------
Yield
[41367.39056133723, 2037.354100810069, 173.94775864261553, 38454.54164225559, 7087.774368993558, 290.5130646623202, 3218.1305741850065, 139.6311971711541, 573.98760805393, 37.83349808276559, 6810.652293272506, 1540.6066748825624, 135.74032999870323, 5845.424478837717, 4119.621598943604, 278.06322521658547, 773.4766763511449, 118.13781649065443, 255.26372718951382, 18.086660944364738, 452.6119127804703, 358.46827922378804, 56.51334873769494, 301.776271855594, 685.5238832965748, 103.62346868932248, 91.69521541252078, 50.54487897671171, 30.92585094435423, 9.363286561789403, 41.482677007095795, 8.771612416051036, 74.02111665727304, 23.204680958709194, 6.12686070939203, 5.183901267441731, 2.666109862703105, 0.7183957127272491, 4.698658764871833, 1.6650066330533613, 2.6481215828341482, 4.055555190597656, 0.0, 0.43153340050394523, 0.0, 0.7183957127272491]
------------------------------------------------------
YstatUp
[0.006408474492009911, 0.030372194010366855, 0.0896157408969389, 0.006398115076618049, 0.014885955452312414, 0.07946903450991259, 0.0211279949939438, 0.09923574918265875, 0.04536410327892756, 0.17885603848155296, 0.015852072894217632, 0.037647506625544926, 0.11878942313423829, 0.016724176377184187, 0.02135980596396142, 0.08248012610979187, 0.047255896502819, 0.11419491204409773, 0.06328942462478929, 0.29256382028756145, 0.057994075621126656, 0.0766010886512766, 0.1697238486281332, 0.07114843861500864, 0.055278293822184285, 0.13441345337457636, 0.1366479595447979, 0.1690379701819869, 0.1857527754652373, 0.450449627148261, 0.18981436209299915, 0.5224325332216294, 0.1429727856343885, 0.2725551509021297, 0.6106973153540529, 0.6397932019241878, 1.0467911024694039, 2.7095229862636008, 0.563086498394986, 1.2011964158559016, 0.9839245229039882, 0.6523770943121338, 1.2920999446496457, 4.51068143183023, 1.5016908510999474, 2.7095229862636008]
------------------------------------------------------
YstatLow
[0.006408474492009911, 0.030372194010366855, 0.0896157408969389, 0.006398115076618049, 0.014885955452312414, 0.07946903450991259, 0.0211279949939438, 0.09923574918265875, 0.04536410327892756, 0.17885603848155296, 0.015852072894217632, 0.037647506625544926, 0.11878942313423829, 0.016724176377184187, 0.02135980596396142, 0.08248012610979187, 0.047255896502819, 0.11419491204409773, 0.06328942462478929, 0.29256382028756145, 0.057994075621126656, 0.0766010886512766, 0.1697238486281332, 0.07114843861500864, 0.055278293822184285, 0.13441345337457636, 0.1366479595447979, 0.1690379701819869, 0.1857527754652373, 0.450449627148261, 0.18981436209299915, 0.5224325332216294, 0.1429727856343885, 0.2725551509021297, 0.6106973153540529, 0.6397932019241878, 1.0467911024694039, 2.7095229862636008, 0.563086498394986, 1.2011964158559016, 0.9839245229039882, 0.6523770943121338, 1.2920999446496457, 4.51068143183023, 1.5016908510999474, 2.7095229862636008]
------------------------------------------------------
YsysUp
[0.30859966689875445, 0.3119806511711611, 0.3682044439873683, 0.30850607024845783, 0.30966489340386905, 0.3306711030485036, 0.3112515753868395, 0.3882042076407342, 0.32640618338485233, 0.5902113547825544, 0.30935749069320767, 0.31270442323077857, 0.3615297570299489, 0.3092999028763201, 0.3102600883113612, 0.33126970734974065, 0.31789181258565635, 0.38015672171272985, 0.37293433749333305, 0.5898848184743589, 0.3266282693282291, 0.33045398118702707, 0.47746871538045405, 0.3267812563571921, 0.31939111084787053, 0.38192120891213466, 0.413188559363863, 0.5454274781794504, 0.6598400900663898, 1.7668378607947548, 0.33932576357529914, 0.3452782888725735, 0.4870494974834997, 0.33842031593101873, 0.36226782137552865, 0.38496069941676353, 0.3972225705530891, 0.48777099425901094, 0.33932284095064047, 0.3452813828730219, 0.4869555973449025, 0.3385424190889158, 0.3620492396737256, 0.3888729652646064, 0.39717697149192127, 0.48777099425901094]
------------------------------------------------------
YsysLow
[0.30859966689875445, 0.3119806511711611, 0.3682044439873683, 0.30850607024845783, 0.30966489340386905, 0.3306711030485036, 0.3112515753868395, 0.3882042076407342, 0.32640618338485233, 0.5902113547825544, 0.30935749069320767, 0.31270442323077857, 0.3615297570299489, 0.3092999028763201, 0.3102600883113612, 0.33126970734974065, 0.31789181258565635, 0.38015672171272985, 0.37293433749333305, 0.5898848184743589, 0.3266282693282291, 0.33045398118702707, 0.47746871538045405, 0.3267812563571921, 0.31939111084787053, 0.38192120891213466, 0.413188559363863, 0.5454274781794504, 0.6598400900663898, 1.7668378607947548, 0.33932576357529914, 0.3452782888725735, 0.4870494974834997, 0.33842031593101873, 0.36226782137552865, 0.38496069941676353, 0.3972225705530891, 0.49054488853819117, 0.33932284095064047, 0.3452813828730219, 0.4869555973449025, 0.3385424190889158, 0.3620492396737256, 0.3888729652646064, 0.39717697149192127, 0.49054488853819117]
------------------------------------------------------